# %%
import csv
from io import StringIO

# copied from from https://en.wikipedia.org/wiki/B%C3%BChlmann_decompression_algorithm#cite_note-Buhlmann-2019-11
data = """t12, 5.0   , 8.0   , 12.5   , 18.5   , 27.0   , 38.3   , 54.3   , 77.0   , 109.0   , 146.0   , 187.0   , 239.0   , 305.0   , 390.0   , 498.0   , 635.0
A  , 1.1696, 1.0   ,  0.8618,  0.7562,  0.62  ,  0.5043,  0.441 ,  0.4   ,   0.375 ,   0.35  ,   0.3295,   0.3065,   0.2835,   0.261 ,   0.248 ,   0.2327
B  , 0.5578, 0.6514,  0.7222,  0.7825,  0.8126,  0.8434,  0.8693,  0.8910,   0.9092,   0.9222,   0.9319,   0.9403,   0.9477,   0.9544,   0.9602,   0.9653
"""

reader = csv.reader(StringIO(data.strip()))
rows = [list(map(str.strip, row)) for row in reader]
t12s = [float(x) for x in rows[0][1:]]
A = [float(x) for x in rows[1][1:]]
B = [float(x) for x in rows[2][1:]]

result = [{"t12": t, "A": a, "B": b} for t, a, b in zip(t12s, A, B)]
print(result)


[
    {"t12": 5.0, "A": 1.1696, "B": 0.5578},
    {"t12": 8.0, "A": 1.0, "B": 0.6514},
    {"t12": 12.5, "A": 0.8618, "B": 0.7222},
    {"t12": 18.5, "A": 0.7562, "B": 0.7825},
    {"t12": 27.0, "A": 0.62, "B": 0.8126},
    {"t12": 38.3, "A": 0.5043, "B": 0.8434},
    {"t12": 54.3, "A": 0.441, "B": 0.8693},
    {"t12": 77.0, "A": 0.4, "B": 0.891},
    {"t12": 109.0, "A": 0.375, "B": 0.9092},
    {"t12": 146.0, "A": 0.35, "B": 0.9222},
    {"t12": 187.0, "A": 0.3295, "B": 0.9319},
    {"t12": 239.0, "A": 0.3065, "B": 0.9403},
    {"t12": 305.0, "A": 0.2835, "B": 0.9477},
    {"t12": 390.0, "A": 0.261, "B": 0.9544},
    {"t12": 498.0, "A": 0.248, "B": 0.9602},
    {"t12": 635.0, "A": 0.2327, "B": 0.9653},
]
